Q1=13.3475
Q3=24.127499999999998
IQR=10.779999999999998
lower=-2.8224999999999945
upper=40.29749999999999
